 4804
 4807
 4808
 4809
 4969
 4972
 4973
 4976
 5092
 5095
 5096
 5099
 5185
 5188
 5189
 5192
 5258
 5261
 5262
 5267
 5500
 5504
 5505
 5508
 7470
 7474
 7475
 7478
 7656
 7660
 7661
 7665
 8078
 8081
 8082
 8085
 8137
 8140
 8141
 8144
 8216
 8219
 8220
 8223
 8283
 8286
 8287
 8290
 8363
 8366
 8367
 8370
19561
19578
19579
19631
25430
25433
25434
25437
25503
25506
25507
25511
25709
25712
25713
25717
25894
25897
25898
25901
26069
26072
26073
26076
26354
26358
26359
26362
26522
26525
26526
26529
28331
28334
28335
28338
28398
28401
28402
28406
28465
28468
28469
28472
28711
28714
28715
28718
29001
29004
29005
29008
29264
29267
29268
29271
29369
29372
29373
29376
29465
29468
29469
29472
29560
29563
29564
29568
29630
29633
29634
29637
29707
29710
29711
29714
29796
29799
29800
29803
29886
29889
29890
29893
30161
30164
30165
30168
31724
31727
31728
31732
31953
31956
31957
31962
32020
32023
32024
32027
32031
32034
32036
32040
32044
32047
32048
32051
32151
32155
32156
32159
32164
32168
32169
32172
32178
32181
32182
32185
37973
37976
37977
37980
37987
37990
37991
37994
38040
38043
38044
38050
38167
38170
38171
38175
38224
38227
38228
38231
38897
38900
38901
38905
38970
38973
38974
38977
39037
39040
39041
39044
39050
39053
39054
39057
39122
39125
39126
39129
39136
39139
39140
39143
39220
39223
39224
39228
39234
39237
39238
39241
39296
39299
39300
39304
39308
39311
39312
39315
39445
39448
39449
39452
39460
39463
39464
39467
39561
39564
39565
39569
39575
39578
39579
39582
39799
39802
39803
39807
39812
39815
39816
39819
39868
39871
39872
39875
39879
39882
39883
39886
39985
39991
39992
39996
40053
40057
40058
40063
40173
40176
40177
40181
40186
40189
40190
40193
40270
40273
40274
40278
40284
40287
40288
40291
40513
40516
40517
40521
40526
40530
40531
40534
40599
40602
40603
40607
44097
44101
44102
44105
44188
44191
44192
44198
44281
44285
44286
44291
44749
44753
44754
44757
44763
44766
44767
44770
44838
44841
44842
44846
44851
44855
44856
44860
44948
44951
44952
44956
44961
44964
44965
44969
45039
45043
45044
45047
45057
45060
45061
45064
45135
45139
45140
45143
45149
45152
45153
45156
45331
45335
45336
45339
45346
45349
45350
45353
45483
45486
45487
45491
45505
45508
45509
45513
45609
45612
45613
45617
45624
45627
45628
45631
45777
45780
45781
45785
45791
45794
45795
45798
45876
45879
45880
45884
45891
45895
45896
45899
45963
45967
45968
45971
45977
45982
45983
45986
48400
48403
48404
48409
48425
48428
48429
48432
53527
53530
53531
53535
53545
53548
53549
53552
53617
53620
53621
53626
53630
53633
53634
53637
53705
53709
53710
53714
53721
53724
53725
53728
53977
53980
53981
53984
53988
53991
53992
53995
54205
54208
54209
54213
55356
55359
55360
55363
55768
55771
55772
55776
55850
55853
55854
55858
56048
56051
56052
56056
59821
59824
59825
59828
59834
59837
59838
59842
59850
59854
59855
59858
63367
63370
63371
63374
63638
63641
63642
63646
63741
63744
63745
63748
63813
63816
63817
63820
63996
63999
64000
64003
64353
64356
64357
64363
64436
64439
64440
64443
70689
70692
70693
70696
70901
70904
70905
70910
71140
71143
71144
71147
71228
71231
71232
71236
71383
71386
71387
71390
71456
71459
71460
71464
71591
71594
71595
71598
71663
71666
71667
71670
72280
72284
72285
72288
72352
72355
72356
72360
72513
72516
72517
72521
72590
72593
72594
72598
72666
72669
72670
72673
72678
72682
72683
72686
72689
72693
72694
72697
75424
75428
75429
75432
75541
75544
75545
75549
75760
75764
75765
75768
76232
